%YAML:1.0
samples: !!opencv-matrix
   rows: 18
   cols: 100
   dt: f
   data: [ 71., 143., 185., 166., 86., 24., 19., 43., 109., 209., 190.,
       74., 35., 77., 155., 169., 86., 31., 34., 89., 207., 159., 103.,
       54., 35., 126., 140., 80., 51., 124., 1., 1., 0., 11., 50., 168.,
       110., 39., 11., 36., 0., 0., 0., 2., 11., 57., 145., 98., 25.,
       44., 0., 0., 0., 1., 11., 61., 162., 104., 23., 66., 0., 0., 0.,
       5., 28., 108., 153., 85., 7., 22., 0., 0., 0., 1., 6., 36., 124.,
       124., 70., 30., 0., 0., 0., 0., 4., 37., 151., 123., 45., 40., 0.,
       0., 0., 0., 6., 45., 164., 119., 36., 63., 27., 86., 168., 208.,
       154., 46., 33., 63., 124., 195., 187., 78., 20., 28., 87., 165.,
       64., 14., 35., 91., 189., 152., 120., 98., 88., 122., 137., 84.,
       57., 128., 0., 0., 0., 15., 61., 159., 105., 39., 14., 48., 0.,
       0., 0., 0., 7., 53., 144., 100., 32., 62., 0., 0., 0., 2., 15.,
       77., 154., 95., 29., 82., 0., 0., 0., 8., 37., 117., 140., 73.,
       10., 30., 0., 0., 0., 0., 5., 41., 127., 122., 70., 46., 0., 0.,
       0., 0., 6., 55., 152., 110., 38., 60., 0., 0., 0., 1., 12., 69.,
       162., 124., 65., 101., 78., 148., 185., 159., 75., 22., 15., 44.,
       110., 196., 188., 83., 50., 83., 129., 127., 81., 37., 38., 96.,
       87., 54., 31., 24., 41., 129., 133., 76., 47., 111., 0., 0., 0.,
       14., 59., 163., 104., 37., 13., 46., 0., 0., 0., 0., 6., 51.,
       152., 107., 31., 57., 0., 0., 0., 2., 14., 70., 156., 98., 27.,
       78., 0., 0., 0., 7., 32., 110., 147., 79., 7., 22., 0., 0., 0.,
       0., 4., 35., 123., 130., 82., 39., 0., 0., 0., 0., 5., 48., 149.,
       118., 48., 53., 0., 0., 0., 0., 7., 53., 171., 179., 147., 163.,
       26., 141., 191., 13., 0., 0., 13., 127., 191., 26., 128., 0., 64.,
       191., 127., 127., 191., 64., 0., 127., 140., 141., 64., 0., 0.,
       0., 0., 128., 25., 77., 0., 0., 0., 0., 0., 0., 13., 128., 13.,
       102., 0., 0., 0., 0., 0., 115., 166., 0., 166., 115., 0., 0., 0.,
       51., 191., 38., 89., 191., 13., 0., 0., 13., 191., 89., 38., 191.,
       51., 0., 0., 0., 115., 166., 0., 166., 115., 0., 0., 0., 0., 0.,
       76., 26., 127., 51., 128., 128., 128., 128., 77., 0., 140., 0.,
       0., 0., 0., 0., 0., 0., 166., 51., 26., 191., 127., 13., 0., 0.,
       13., 127., 191., 26., 128., 13., 128., 191., 89., 26., 140., 127.,
       0., 127., 140., 141., 64., 0., 0., 0., 0., 128., 25., 77., 0., 0.,
       0., 0., 0., 0., 13., 128., 13., 166., 0., 0., 0., 0., 0., 115.,
       166., 0., 166., 51., 0., 0., 0., 51., 191., 38., 89., 191., 13.,
       0., 0., 13., 191., 89., 38., 191., 51., 0., 0., 0., 51., 166., 0.,
       166., 115., 0., 0., 0., 0., 0., 140., 128., 64., 64., 128., 128.,
       128., 128., 77., 0., 166., 191., 128., 13., 0., 26., 115., 64.,
       191., 26., 0., 89., 191., 127., 26., 0., 77., 191., 89., 0., 153.,
       51., 64., 191., 127., 127., 191., 64., 51., 153., 76., 89., 127.,
       0., 0., 0., 0., 128., 25., 77., 0., 64., 0., 0., 0., 0., 13.,
       128., 13., 102., 0., 0., 0., 0., 0., 26., 178., 0., 166., 115.,
       0., 0., 0., 51., 191., 38., 13., 191., 89., 0., 0., 13., 191.,
       89., 38., 191., 51., 0., 0., 0., 115., 166., 0., 166., 115., 0.,
       0., 0., 0., 0., 102., 77., 127., 0., 0., 0., 0., 0., 0., 0., 38.,
       0., 0., 0., 0., 0., 0., 0., 127., 0., 0., 108., 175., 54., 0., 0.,
       0., 159., 108., 0., 121., 83., 16., 191., 127., 127., 191., 16.,
       42., 156., 128., 22., 175., 0., 0., 0., 0., 127., 0., 99., 0., 0.,
       0., 0., 0., 0., 54., 143., 42., 156., 0., 0., 0., 10., 191., 130.,
       73., 0., 169., 29., 0., 0., 0., 10., 130., 191., 74., 64., 147.,
       57., 0., 0., 0., 0., 0., 0., 54., 143., 0., 99., 70., 108., 95.,
       0., 0., 0., 0., 112., 22., 99., 162., 0., 96., 172., 3., 125.,
       191., 16., 83., 121., 29., 191., 48., 0., 0., 0., 54., 191., 86.,
       0., 0., 108., 175., 54., 0., 0., 0., 159., 108., 0., 121., 83.,
       16., 191., 127., 127., 127., 80., 42., 156., 128., 45., 159., 0.,
       0., 0., 0., 127., 0., 70., 0., 0., 0., 0., 0., 0., 54., 143., 42.,
       156., 0., 0., 0., 10., 191., 130., 73., 0., 169., 29., 0., 0., 0.,
       10., 130., 191., 74., 64., 147., 121., 0., 0., 0., 0., 0., 0.,
       54., 143., 0., 99., 70., 108., 95., 0., 0., 0., 0., 112., 22.,
       99., 128., 0., 96., 182., 128., 128., 191., 16., 83., 121., 29.,
       191., 112., 0., 0., 0., 54., 191., 86., 0., 0., 108., 175., 54.,
       0., 0., 0., 159., 108., 0., 121., 83., 16., 191., 127., 127.,
       191., 16., 42., 156., 128., 45., 159., 0., 0., 0., 0., 127., 0.,
       70., 0., 0., 0., 0., 0., 0., 54., 143., 42., 156., 0., 0., 0.,
       10., 191., 130., 73., 0., 169., 29., 0., 0., 0., 10., 130., 191.,
       74., 64., 147., 121., 0., 0., 0., 0., 0., 0., 54., 143., 0., 99.,
       70., 108., 95., 0., 0., 0., 0., 112., 22., 99., 162., 0., 96.,
       182., 64., 125., 191., 16., 83., 121., 29., 191., 112., 0., 0.,
       0., 54., 191., 86., 0., 0., 0., 0., 0., 0., 2., 137., 109., 47.,
       114., 0., 0., 0., 0., 37., 167., 85., 146., 108., 74., 0., 0., 1.,
       49., 175., 23., 175., 70., 99., 128., 0., 2., 77., 141., 8., 170.,
       31., 124., 55., 115., 11., 166., 92., 72., 183., 37., 82., 64.,
       82., 61., 127., 28., 127., 96., 2., 2., 136., 5., 130., 1., 58.,
       5., 117., 135., 96., 64., 130., 28., 112., 0., 80., 123., 73.,
       37., 65., 68., 17., 14., 128., 109., 0., 0., 6., 48., 7., 178.,
       7., 84., 142., 171., 0., 0., 0., 0., 0., 131., 122., 106., 0., 0.,
       0., 0., 0., 0., 0., 2., 137., 109., 47., 114., 0., 0., 0., 0., 8.,
       156., 85., 146., 108., 74., 0., 0., 1., 55., 169., 46., 138., 70.,
       99., 128., 0., 2., 77., 141., 12., 171., 60., 124., 55., 115.,
       11., 166., 92., 72., 183., 37., 82., 64., 82., 61., 138., 28.,
       127., 96., 2., 2., 136., 5., 130., 1., 73., 5., 117., 135., 96.,
       64., 130., 28., 112., 0., 81., 123., 73., 37., 65., 68., 17., 14.,
       128., 109., 0., 0., 6., 48., 7., 178., 7., 84., 142., 171., 0.,
       0., 0., 0., 0., 131., 122., 106., 0., 0., 0., 0., 8., 123., 6.,
       157., 5., 96., 44., 0., 0., 0., 64., 108., 101., 100., 123., 104.,
       44., 0., 0., 33., 175., 32., 126., 5., 154., 104., 44., 0., 0.,
       129., 72., 110., 91., 0., 127., 96., 44., 0., 43., 158., 24.,
       176., 0., 0., 127., 96., 44., 0., 75., 62., 120., 81., 0., 0.,
       127., 96., 44., 0., 99., 65., 167., 0., 0., 0., 154., 104., 44.,
       0., 32., 43., 24., 0., 0., 0., 123., 32., 107., 0., 29., 171.,
       152., 128., 129., 160., 128., 128., 159., 145., 99., 107., 88.,
       64., 66., 96., 64., 64., 64., 116., 0., 10., 151., 4., 129., 176.,
       191., 44., 0., 3., 0., 80., 72., 23., 110., 1., 1., 4., 31., 76.,
       0., 71., 76., 141., 74., 13., 0., 0., 0., 0., 2., 159., 49., 2.,
       28., 16., 72., 126., 25., 0., 0., 5., 61., 75., 83., 140., 144.,
       71., 89., 124., 0., 0., 0., 0., 0., 0., 0., 162., 62., 140., 173.,
       122., 0., 0., 0., 0., 0., 91., 47., 88., 54., 145., 68., 1., 0.,
       0., 7., 132., 43., 135., 135., 23., 171., 113., 38., 89., 213.,
       27., 108., 67., 23., 158., 207., 32., 8., 10., 41., 216., 53., 0.,
       0., 18., 126., 20., 19., 16., 32., 13., 0., 11., 0., 82., 33.,
       35., 42., 0., 0., 0., 29., 71., 0., 56., 115., 145., 22., 0., 0.,
       0., 0., 0., 0., 107., 24., 0., 168., 53., 122., 204., 114., 8.,
       0., 40., 206., 184., 195., 210., 142., 54., 14., 201., 0., 0., 0.,
       0., 0., 0., 1., 26., 167., 14., 69., 95., 5., 0., 0., 0., 0., 0.,
       107., 15., 149., 43., 199., 6., 0., 0., 0., 14., 152., 58., 131.,
       43., 33., 211., 41., 26., 62., 223., 23., 221., 1., 62., 201.,
       32., 0., 13., 37., 91., 158., 6., 9., 136., 43., 9., 12., 9., 14.,
       1., 63., 170., 110., 52., 76., 145., 12., 7., 50., 105., 124.,
       21., 127., 2., 114., 36., 0., 0., 0., 0., 0., 0., 92., 82., 117.,
       139., 120., 139., 146., 93., 32., 3., 80., 173., 99., 123., 131.,
