%YAML:1.0
samples: !!opencv-matrix
   rows: 18
   cols: 100
   dt: f
   data: [ 22., 20., 16., 11., 18., 29., 50., 99., 149., 161., 202.,
       196., 174., 152., 152., 160., 158., 130., 102., 95., 77., 77.,
       75., 73., 71., 67., 71., 94., 117., 123., 0., 0., 0., 0., 15.,
       35., 62., 108., 153., 165., 0., 0., 0., 0., 19., 44., 75., 124.,
       173., 185., 0., 1., 4., 7., 30., 60., 93., 133., 173., 183., 0.,
       2., 12., 22., 53., 91., 124., 137., 150., 154., 0., 4., 22., 40.,
       77., 121., 150., 135., 120., 116., 0., 6., 30., 54., 96., 145.,
       171., 130., 88., 78., 2., 9., 37., 66., 113., 166., 197., 160.,
       124., 115., 0., 28., 70., 124., 103., 67., 25., 25., 71., 128.,
       128., 78., 51., 87., 114., 141., 164., 137., 127., 128., 191.,
       191., 175., 130., 86., 86., 125., 80., 64., 64., 0., 0., 0., 0.,
       83., 128., 127., 128., 128., 127., 0., 0., 0., 0., 83., 128.,
       127., 128., 128., 127., 0., 0., 0., 0., 83., 128., 127., 128.,
       128., 127., 0., 0., 6., 24., 92., 119., 103., 121., 128., 127.,
       0., 0., 32., 122., 127., 83., 6., 96., 128., 127., 0., 0., 32.,
       121., 127., 83., 4., 67., 106., 127., 0., 0., 29., 109., 123.,
       91., 26., 26., 72., 128., 0., 28., 70., 124., 103., 67., 25., 25.,
       71., 128., 128., 78., 51., 87., 89., 103., 128., 127., 127., 128.,
       191., 191., 175., 130., 86., 86., 125., 80., 93., 128., 0., 0.,
       0., 0., 83., 128., 127., 128., 128., 127., 0., 0., 0., 0., 83.,
       128., 127., 128., 128., 127., 0., 0., 0., 0., 83., 128., 127.,
       128., 128., 127., 0., 0., 0., 0., 83., 128., 123., 60., 78., 127.,
       0., 0., 16., 61., 106., 106., 67., 112., 128., 127., 0., 0., 22.,
       85., 114., 96., 36., 10., 58., 128., 0., 0., 13., 49., 100., 114.,
       86., 42., 72., 128., 82., 182., 70., 13., 59., 128., 93., 6.,
       121., 24., 121., 73., 172., 65., 38., 15., 12., 128., 98., 169.,
       127., 127., 0., 0., 0., 0., 0., 0., 128., 128., 89., 62., 0., 0.,
       0., 0., 0., 83., 94., 111., 0., 0., 0., 0., 0., 20., 145., 121.,
       119., 135., 0., 0., 0., 0., 46., 118., 69., 178., 79., 1., 0., 0.,
       0., 142., 120., 77., 112., 19., 0., 0., 6., 89., 191., 96., 172.,
       76., 0., 0., 0., 0., 107., 78., 83., 102., 43., 38., 38., 38.,
       38., 23., 109., 13., 13., 93., 128., 59., 13., 13., 13., 105.,
       124., 97., 35., 0., 0., 0., 0., 16., 74., 121., 175., 66., 0., 0.,
       0., 0., 0., 0., 70., 127., 0., 0., 0., 0., 0., 0., 0., 24., 113.,
       127., 0., 0., 0., 0., 0., 0., 55., 109., 67., 118., 0., 0., 0.,
       0., 7., 90., 152., 80., 117., 16., 0., 0., 0., 0., 22., 93., 109.,
       67., 9., 0., 0., 3., 54., 119., 86., 123., 6., 0., 0., 0., 46.,
       127., 80., 96., 74., 11., 0., 0., 0., 0., 177., 131., 127., 6.,
       0., 0., 0., 0., 0., 0., 130., 50., 97., 128., 128., 127., 127.,
       127., 127., 181., 17., 166., 127., 13., 53., 128., 76., 64., 109.,
       0., 120., 27., 140., 123., 51., 13., 17., 118., 94., 133., 98.,
       90., 80., 0., 0., 0., 0., 64., 117., 99., 58., 89., 22., 0., 0.,
       0., 0., 105., 53., 127., 0., 0., 0., 0., 0., 27., 179., 95., 184.,
       36., 0., 0., 0., 0., 40., 112., 65., 153., 6., 0., 0., 0., 22.,
       150., 51., 133., 111., 10., 0., 0., 0., 29., 159., 70., 172., 67.,
       0., 0., 0., 0., 52., 150., 64., 121., 46., 38., 38., 38., 36., 6.,
       129., 25., 13., 70., 30., 13., 13., 13., 24., 123., 1., 96., 98.,
       40., 167., 101., 70., 28., 45., 59., 13., 130., 156., 171., 22.,
       0., 0., 0., 19., 163., 0., 2., 12., 9., 1., 0., 0., 0., 29., 133.,
       0., 0., 0., 1., 20., 21., 7., 69., 127., 43., 0., 0., 0., 6.,
       122., 166., 76., 151., 76., 127., 1., 0., 0., 0., 1., 1., 15.,
       177., 80., 165., 138., 52., 4., 0., 0., 0., 1., 34., 116., 57.,
       88., 127., 13., 0., 0., 0., 1., 18., 126., 74., 97., 84., 65., 9.,
       14., 73., 179., 166., 78., 114., 35., 133., 80., 131., 119., 90.,
       81., 143., 177., 51., 27., 132., 120., 101., 24., 108., 74., 135.,
       155., 16., 147., 49., 79., 140., 81., 6., 81., 152., 42., 123.,
       157., 166., 89., 8., 0., 0., 0., 63., 121., 142., 0., 0., 0., 0.,
       0., 0., 33., 166., 47., 168., 0., 0., 0., 0., 130., 123., 156.,
       155., 135., 90., 0., 0., 0., 0., 40., 43., 74., 131., 142., 88.,
       36., 19., 1., 0., 0., 0., 3., 79., 124., 87., 161., 146., 42., 0.,
       0., 0., 0., 76., 148., 75., 124., 44., 118., 123., 14., 15., 114.,
       142., 38., 126., 13., 143., 170., 75., 95., 76., 36., 151., 161.,
       29., 0., 6., 126., 120., 73., 11., 77., 82., 132., 19., 37., 145.,
       25., 95., 112., 124., 133., 112., 93., 141., 93., 62., 84., 103.,
       0., 0., 5., 127., 29., 122., 1., 26., 38., 5., 0., 0., 42., 152.,
       26., 149., 0., 0., 0., 0., 37., 178., 67., 58., 147., 78., 0., 0.,
       0., 0., 46., 138., 124., 42., 110., 84., 56., 81., 62., 0., 0.,
       1., 20., 134., 7., 110., 128., 4., 112., 66., 0., 0., 3., 130.,
       9., 74., 74., 139., 41., 175., 131., 131., 158., 98., 62., 198.,
       2., 59., 132., 99., 7., 11., 115., 132., 71., 2., 0., 0., 0., 0.,
       0., 19., 121., 54., 19., 106., 0., 0., 0., 0., 12., 88., 85., 77.,
       103., 89., 0., 0., 0., 9., 74., 126., 123., 130., 133., 145., 0.,
       1., 1., 121., 73., 102., 96., 96., 111., 91., 0., 0., 126., 85.,
       99., 117., 8., 122., 89., 100., 29., 155., 107., 65., 127., 2.,
       6., 134., 79., 110., 109., 80., 87., 152., 22., 0., 29., 149.,
       78., 127., 133., 61., 171., 193., 187., 184., 171., 103., 41.,
       110., 167., 100., 129., 127., 116., 110., 120., 115., 29., 2., 0.,
       2., 0., 0., 0., 0., 1., 47., 106., 125., 0., 0., 0., 0., 0., 0.,
       0., 61., 126., 54., 0., 0., 0., 0., 0., 0., 41., 107., 64., 84.,
       0., 0., 0., 0., 5., 113., 92., 96., 66., 107., 0., 0., 0., 0.,
       132., 94., 99., 53., 121., 123., 0., 0., 14., 94., 41., 73., 73.,
       32., 127., 112., 0., 50., 181., 66., 149., 35., 0., 66., 85.,
       127., 31., 125., 73., 185., 49., 0., 4., 126., 73., 82., 105.,
       67., 151., 82., 59., 5., 70., 103., 123., 33., 131., 70., 113.,
       128., 181., 19., 124., 37., 182., 78., 0., 0., 0., 0., 0., 0.,
       99., 111., 64., 124., 0., 0., 0., 0., 0., 0., 36., 152., 126.,
       167., 0., 0., 0., 0., 0., 5., 129., 125., 129., 138., 0., 0., 0.,
       1., 1., 78., 152., 114., 154., 88., 0., 0., 0., 34., 114., 125.,
       64., 148., 120., 17., 0., 0., 2., 125., 135., 78., 115., 137.,
       56., 0., 0., 0., 73., 150., 111., 149., 101., 17., 4., 0., 15.,
       25., 143., 111., 147., 125., 20., 0., 0., 0., 127., 128., 143.,
       135., 81., 31., 0., 0., 1., 1., 147., 107., 172., 198., 135., 78.,
       30., 80., 82., 22., 129., 140., 173., 154., 128., 126., 93., 92.,
       107., 165., 183., 114., 97., 117., 124., 89., 92., 123., 155.,
       162., 131., 109., 125., 118., 125., 119., 101., 105., 129., 104.,
       123., 136., 78., 28., 28., 32., 21., 16., 23., 15., 115., 120.,
       22., 1., 0., 0., 0., 0., 0., 0., 112., 110., 6., 0., 0., 0., 0.,
       0., 0., 0., 121., 97., 0., 0., 0., 0., 0., 0., 0., 0., 133., 95.,
       31., 31., 24., 84., 100., 45., 6., 0., 89., 96., 118., 135., 126.,
       122., 134., 109., 58., 35., 146., 94., 99., 117., 129., 133.,
       133., 126., 128., 154., 142., 139., 128., 117., 87., 41., 63.,
       64., 116., 176., 89., 156., 101., 52., 54., 24., 74., 161., 206.,
       23., 118., 64., 118., 105., 162., 99., 126., 79., 50., 4., 105.,
       106., 101., 0., 0., 0., 0., 0., 0., 0., 150., 170., 75., 67.,
       114., 81., 54., 18., 1., 0., 118., 11., 9., 26., 51., 126., 130.,
       77., 197., 48., 28., 120., 52., 22., 2., 1., 10., 29., 157., 128.,
       2., 1., 0., 0., 0., 0., 1., 130., 85., 132., 107., 195., 63., 0.,
       0., 0., 1., 118., 58., 152., 131., 54., 143., 40., 2., 3., 31.,
       130., 49., 102., 158., 171., 120., 46., 129., 104., 9., 51., 139.,
       44., 63., 126., 64., 51., 27., 86., 38., 74., 34., 103., 50.,
